RUAL:
  lots: 10
  price: 45.87792749999999
  stop_loss: 45.8320725
  take_profit: 48.14775
