TATN:
  lots: 11
  price: 432.51615
  stop_loss: 432.08385000000004
  take_profit: 453.915
